Year	Init	AfterDeath	AfterBirth	MHC		
0	250	233	279	139	
1	279	260	312	156	
2	312	290	348	181	
3	348	324	389	206	
4	389	362	434	229	
5	434	403	484	262	
6	484	450	540	297	
7	540	502	578	324	
8	578	537	596	330	
9	596	554	600	338	
10	600	558	589	337	
11	589	547	564	328	
12	564	524	532	310	
13	532	494	496	296	
14	496	461	461	279	
15	461	429	429	259	
16	429	399	399	240	
17	399	371	371	227	
18	371	345	345	212	
19	345	321	341	217	
20	341	317	380	256	
21	380	353	424	280	
22	424	394	473	318	
23	473	440	528	359	
24	528	491	589	403	
25	589	547	657	459	
26	657	611	720	513	
27	720	669	751	547	
28	751	698	753	558	
29	753	700	730	543	
30	730	678	682	505	
31	682	634	638	470	
32	638	593	597	450	
33	597	555	559	424	
34	559	520	521	395	
35	521	484	485	372	
36	485	451	452	347	
37	452	420	421	326	
38	421	391	397	310	
39	397	369	438	341	
40	438	407	489	379	
41	489	455	546	433	
42	546	507	609	494	
43	609	566	680	552	
44	680	632	759	620	
45	759	705	829	691	
46	829	770	859	717	
47	859	798	854	714	
48	854	793	807	675	
49	807	750	756	637	
50	756	702	708	606	
51	708	658	664	573	
52	664	617	619	532	
53	619	575	577	493	
54	577	536	538	461	
55	538	500	502	431	
56	502	467	469	407	
57	469	436	441	384	
58	441	410	492	432	
59	492	457	549	488	
60	549	510	612	551	
61	612	569	683	615	
62	683	635	763	687	
63	763	709	851	769	
64	851	791	918	829	
65	918	853	931	843	
66	931	865	903	819	
67	903	839	853	770	
68	853	793	807	728	
69	807	750	764	686	
70	764	710	724	646	
71	724	673	687	608	
72	687	638	652	580	
73	652	606	620	550	
74	620	576	588	523	
75	588	546	558	494	
76	558	519	533	473	
77	533	495	594	533	
78	594	552	663	601	
79	663	616	740	663	
80	740	688	826	739	
81	826	767	921	834	
82	921	856	983	891	
83	983	913	994	903	
84	994	923	962	874	
85	962	894	933	852	
86	933	867	906	826	
87	906	842	881	797	
88	881	819	858	773	
89	858	797	836	757	
90	836	777	816	736	
91	816	758	797	725	
92	797	741	780	707	
93	780	725	764	688	
94	764	710	749	669	
95	749	696	755	672	
96	755	702	833	741	
97	833	774	929	824	
98	929	863	991	878	
99	991	921	1019	898	
100	1019	947	1045	917	
101	1045	971	1070	937	
102	1070	994	1093	954	
103	1093	1015	1114	967	
104	1114	1035	1134	986	
105	1134	1053	1140	987	
106	1140	1059	1146	987	
107	1146	1065	1152	988	
108	1152	1070	1157	989	
109	1157	1075	1157	981	
110	1157	1075	1157	982	
111	1157	1075	1157	980	
112	1157	1075	1157	982	
113	1157	1075	1157	984	
114	1157	1075	1157	982	
115	1157	1075	1157	988	
116	1157	1075	1157	986	
117	1157	1075	1157	990	
118	1157	1075	1157	987	
119	1157	1075	1157	988	
120	1157	1075	1157	982	
121	1157	1075	1157	986	
122	1157	1075	1157	986	
123	1157	1075	1157	985	
124	1157	1075	1157	989	
125	1157	1075	1157	988	
126	1157	1075	1157	984	
127	1157	1075	1157	984	
128	1157	1075	1157	978	
129	1157	1075	1157	979	
130	1157	1075	1157	977	
131	1157	1075	1157	982	
132	1157	1075	1157	985	
133	1157	1075	1157	983	
134	1157	1075	1157	983	
135	1157	1075	1157	981	
136	1157	1075	1157	980	
137	1157	1075	1157	973	
138	1157	1075	1157	974	
139	1157	1075	1157	974	
140	1157	1075	1157	972	
141	1157	1075	1157	968	
142	1157	1075	1157	963	
143	1157	1075	1157	963	
144	1157	1075	1157	963	
145	1157	1075	1157	963	
146	1157	1075	1157	963	
147	1157	1075	1157	961	
148	1157	1075	1157	961	
149	1157	1075	1157	964	
150	1157	1075	1157	968	
151	1157	1075	1157	971	
152	1157	1075	1157	972	
153	1157	1075	1157	976	
154	1157	1075	1157	975	
155	1157	1075	1157	984	
156	1157	1075	1157	981	
157	1157	1075	1157	977	
158	1157	1075	1157	977	
159	1157	1075	1157	981	
160	1157	1075	1157	980	
161	1157	1075	1157	981	
162	1157	1075	1157	980	
163	1157	1075	1157	973	
164	1157	1075	1157	976	
165	1157	1075	1157	977	
166	1157	1075	1157	977	
167	1157	1075	1157	976	
168	1157	1075	1157	971	
169	1157	1075	1157	972	
170	1157	1075	1157	973	
171	1157	1075	1157	972	
172	1157	1075	1157	970	
173	1157	1075	1157	965	
174	1157	1075	1157	968	
175	1157	1075	1157	970	
176	1157	1075	1157	979	
177	1157	1075	1157	979	
178	1157	1075	1157	977	
179	1157	1075	1157	976	
180	1157	1075	1157	975	
181	1157	1075	1157	979	
182	1157	1075	1157	983	
183	1157	1075	1157	978	
184	1157	1075	1157	977	
185	1157	1075	1157	976	
186	1157	1075	1157	981	
187	1157	1075	1157	979	
188	1157	1075	1157	977	
189	1157	1075	1157	970	
190	1157	1075	1157	975	
191	1157	1075	1157	974	
192	1157	1075	1157	979	
193	1157	1075	1157	976	
194	1157	1075	1157	973	
195	1157	1075	1157	974	
196	1157	1075	1157	983	
197	1157	1075	1157	985	
198	1157	1075	1157	984	
199	1157	1075	1157	989	
200	1157	1075	1157	993	
201	1157	1075	1157	996	
202	1157	1075	1157	998	
203	1157	1075	1157	991	
204	1157	1075	1157	988	
205	1157	1075	1157	983	
206	1157	1075	1157	987	
207	1157	1075	1157	986	
208	1157	1075	1157	979	
209	1157	1075	1157	978	
210	1157	1075	1157	976	
211	1157	1075	1157	973	
212	1157	1075	1157	965	
213	1157	1075	1157	963	
214	1157	1075	1157	961	
215	1157	1075	1157	967	
216	1157	1075	1157	968	
217	1157	1075	1157	962	
218	1157	1075	1157	967	
219	1157	1075	1157	961	
220	1157	1075	1157	964	
221	1157	1075	1157	973	
222	1157	1075	1157	974	
223	1157	1075	1157	974	
224	1157	1075	1157	980	
225	1157	1075	1157	987	
226	1157	1075	1157	988	
227	1157	1075	1157	982	
228	1157	1075	1157	976	
229	1157	1075	1157	980	
230	1157	1075	1157	987	
231	1157	1075	1157	986	
232	1157	1075	1157	986	
233	1157	1075	1157	986	
234	1157	1075	1157	989	
235	1157	1075	1157	987	
236	1157	1075	1157	989	
237	1157	1075	1157	984	
238	1157	1075	1157	981	
239	1157	1075	1157	982	
240	1157	1075	1157	982	
241	1157	1075	1157	978	
242	1157	1075	1157	982	
243	1157	1075	1157	982	
244	1157	1075	1157	980	
245	1157	1075	1157	980	
246	1157	1075	1157	979	
247	1157	1075	1157	978	
248	1157	1075	1157	976	
249	1157	1075	1157	979	
250	1157	1075	1157	982	
251	1157	1075	1157	983	
252	1157	1075	1157	985	
253	1157	1075	1157	988	
254	1157	1075	1157	995	
255	1157	1075	1157	999	
256	1157	1075	1157	1000	
257	1157	1075	1157	1000	
258	1157	1075	1157	999	
259	1157	1075	1157	1001	
260	1157	1075	1157	999	
261	1157	1075	1157	995	
262	1157	1075	1157	1001	
263	1157	1075	1157	1000	
264	1157	1075	1157	1001	
265	1157	1075	1157	1000	
266	1157	1075	1157	994	
267	1157	1075	1157	989	
268	1157	1075	1157	986	
269	1157	1075	1157	988	
270	1157	1075	1157	985	
271	1157	1075	1157	983	
272	1157	1075	1157	985	
273	1157	1075	1157	986	
274	1157	1075	1157	987	
275	1157	1075	1157	978	
276	1157	1075	1157	979	
277	1157	1075	1157	974	
278	1157	1075	1157	976	
279	1157	1075	1157	976	
280	1157	1075	1157	978	
281	1157	1075	1157	975	
282	1157	1075	1157	969	
283	1157	1075	1157	974	
284	1157	1075	1157	972	
285	1157	1075	1157	967	
286	1157	1075	1157	970	
287	1157	1075	1157	973	
288	1157	1075	1157	972	
289	1157	1075	1157	979	
290	1157	1075	1157	978	
291	1157	1075	1157	981	
292	1157	1075	1157	980	
293	1157	1075	1157	983	
294	1157	1075	1157	986	
295	1157	1075	1157	989	
296	1157	1075	1157	993	
297	1157	1075	1157	994	
298	1157	1075	1157	1000	
299	1157	1075	1157	998	
300	1157	1075	1157	1002	
301	1157	1075	1157	1000	
302	1157	1075	1157	998	
303	1157	1075	1157	998	
304	1157	1075	1157	995	
305	1157	1075	1157	995	
306	1157	1075	1157	989	
307	1157	1075	1157	988	
308	1157	1075	1157	982	
309	1157	1075	1157	975	
310	1157	1075	1157	979	
311	1157	1075	1157	983	
312	1157	1075	1157	982	
313	1157	1075	1157	979	
314	1157	1075	1157	979	
315	1157	1075	1157	980	
316	1157	1075	1157	977	
317	1157	1075	1157	975	
318	1157	1075	1157	976	
319	1157	1075	1157	978	
320	1157	1075	1157	979	
321	1157	1075	1157	984	
322	1157	1075	1157	985	
323	1157	1075	1157	980	
324	1157	1075	1157	978	
325	1157	1075	1157	979	
326	1157	1075	1157	971	
327	1157	1075	1157	969	
328	1157	1075	1157	965	
329	1157	1075	1157	965	
330	1157	1075	1157	968	
331	1157	1075	1157	964	
332	1157	1075	1157	966	
333	1157	1075	1157	969	
334	1157	1075	1157	970	
335	1157	1075	1157	969	
336	1157	1075	1157	971	
337	1157	1075	1157	971	
338	1157	1075	1157	969	
339	1157	1075	1157	972	
340	1157	1075	1157	972	
341	1157	1075	1157	976	
342	1157	1075	1157	974	
343	1157	1075	1157	976	
344	1157	1075	1157	978	
345	1157	1075	1157	980	
346	1157	1075	1157	974	
347	1157	1075	1157	971	
348	1157	1075	1157	974	
349	1157	1075	1157	971	
350	1157	1075	1157	969	
351	1157	1075	1157	975	
352	1157	1075	1157	974	
353	1157	1075	1157	972	
354	1157	1075	1157	969	
355	1157	1075	1157	971	
356	1157	1075	1157	971	
357	1157	1075	1157	970	
358	1157	1075	1157	965	
359	1157	1075	1157	965	
360	1157	1075	1157	972	
361	1157	1075	1157	974	
362	1157	1075	1157	976	
363	1157	1075	1157	973	
364	1157	1075	1157	972	
365	1157	1075	1157	976	
366	1157	1075	1157	982	
367	1157	1075	1157	983	
368	1157	1075	1157	982	
369	1157	1075	1157	986	
370	1157	1075	1157	981	
371	1157	1075	1157	984	
372	1157	1075	1157	986	
373	1157	1075	1157	982	
374	1157	1075	1157	976	
375	1157	1075	1157	976	
376	1157	1075	1157	973	
377	1157	1075	1157	976	
378	1157	1075	1157	974	
379	1157	1075	1157	971	
380	1157	1075	1157	967	
381	1157	1075	1157	970	
382	1157	1075	1157	965	
383	1157	1075	1157	972	
384	1157	1075	1157	976	
385	1157	1075	1157	973	
386	1157	1075	1157	973	
387	1157	1075	1157	971	
388	1157	1075	1157	974	
389	1157	1075	1157	972	
390	1157	1075	1157	970	
391	1157	1075	1157	969	
392	1157	1075	1157	968	
393	1157	1075	1157	974	
394	1157	1075	1157	973	
395	1157	1075	1157	969	
396	1157	1075	1157	973	
397	1157	1075	1157	968	
398	1157	1075	1157	971	
399	1157	1075	1157	970	
400	1157	1075	1157	976	
401	1157	1075	1157	972	
402	1157	1075	1157	977	
403	1157	1075	1157	977	
404	1157	1075	1157	975	
405	1157	1075	1157	974	
406	1157	1075	1157	975	
407	1157	1075	1157	980	
408	1157	1075	1157	982	
409	1157	1075	1157	978	
410	1157	1075	1157	976	
411	1157	1075	1157	982	
412	1157	1075	1157	990	
413	1157	1075	1157	991	
414	1157	1075	1157	989	
415	1157	1075	1157	992	
416	1157	1075	1157	997	
417	1157	1075	1157	998	
418	1157	1075	1157	988	
419	1157	1075	1157	984	
420	1157	1075	1157	984	
421	1157	1075	1157	979	
422	1157	1075	1157	983	
423	1157	1075	1157	982	
424	1157	1075	1157	976	
425	1157	1075	1157	969	
426	1157	1075	1157	968	
427	1157	1075	1157	968	
428	1157	1075	1157	969	
429	1157	1075	1157	969	
430	1157	1075	1157	969	
431	1157	1075	1157	977	
432	1157	1075	1157	979	
433	1157	1075	1157	978	
434	1157	1075	1157	983	
435	1157	1075	1157	982	
436	1157	1075	1157	985	
437	1157	1075	1157	986	
438	1157	1075	1157	984	
439	1157	1075	1157	986	
440	1157	1075	1157	981	
441	1157	1075	1157	977	
442	1157	1075	1157	973	
443	1157	1075	1157	974	
444	1157	1075	1157	972	
445	1157	1075	1157	970	
446	1157	1075	1157	968	
447	1157	1075	1157	968	
448	1157	1075	1157	967	
449	1157	1075	1157	968	
450	1157	1075	1157	969	
451	1157	1075	1157	964	
452	1157	1075	1157	967	
453	1157	1075	1157	973	
454	1157	1075	1157	978	
455	1157	1075	1157	977	
456	1157	1075	1157	976	
457	1157	1075	1157	973	
458	1157	1075	1157	975	
459	1157	1075	1157	980	
460	1157	1075	1157	986	
461	1157	1075	1157	988	
462	1157	1075	1157	990	
463	1157	1075	1157	989	
464	1157	1075	1157	995	
465	1157	1075	1157	994	
466	1157	1075	1157	992	
467	1157	1075	1157	988	
468	1157	1075	1157	985	
469	1157	1075	1157	986	
470	1157	1075	1157	992	
471	1157	1075	1157	990	
472	1157	1075	1157	983	
473	1157	1075	1157	985	
474	1157	1075	1157	979	
475	1157	1075	1157	979	
476	1157	1075	1157	980	
477	1157	1075	1157	978	
478	1157	1075	1157	979	
479	1157	1075	1157	978	
480	1157	1075	1157	981	
481	1157	1075	1157	983	
482	1157	1075	1157	986	
483	1157	1075	1157	980	
484	1157	1075	1157	984	
485	1157	1075	1157	988	
486	1157	1075	1157	985	
487	1157	1075	1157	987	
488	1157	1075	1157	986	
489	1157	1075	1157	988	
490	1157	1075	1157	991	
491	1157	1075	1157	985	
492	1157	1075	1157	989	
493	1157	1075	1157	989	
494	1157	1075	1157	992	
495	1157	1075	1157	989	
496	1157	1075	1157	993	
497	1157	1075	1157	990	
498	1157	1075	1157	988	
499	1157	1075	1157	987	
500	1157	1075	1157	986	
501	1157	1075	1157	989	
502	1157	1075	1157	987	
503	1157	1075	1157	984	
504	1157	1075	1157	987	
505	1157	1075	1157	987	
506	1157	1075	1157	988	
507	1157	1075	1157	986	
508	1157	1075	1157	984	
509	1157	1075	1157	978	
510	1157	1075	1157	978	
511	1157	1075	1157	983	
512	1157	1075	1157	984	
513	1157	1075	1157	987	
514	1157	