Year	Reproduce	Alive	
0	6610	601	
1	6609	601	
2	6800	619	
3	6852	623	
4	7155	651	
5	7835	713	
6	8399	764	
7	9038	822	
8	9108	828	
9	8378	762	
10	7724	703	
11	6863	624	
12	5671	516	
13	4530	412	
14	3506	319	
15	2718	248	
16	2160	197	
17	1656	151	
18	1197	109	
19	963	88	
20	1248	114	
21	2568	234	
22	3935	358	
23	5307	483	
24	6691	609	
25	7788	708	
26	9075	825	
27	10144	923	
28	10134	922	
29	9446	859	
30	8201	746	
31	6533	594	
32	5155	469	
33	4010	365	
34	3160	288	
35	2345	214	
36	1669	152	
37	1365	125	
38	1066	97	
39	1022	93	
40	2691	245	
41	4380	399	
42	6021	548	
43	7572	689	
44	9073	825	
45	10629	967	
46	11620	1057	
47	11427	1039	
48	10694	973	
49	8668	788	
50	6607	601	
51	5192	472	
52	3954	360	
53	3057	278	
54	2435	222	
55	1779	162	
56	1405	128	
57	1152	105	
58	1008	92	
59	2883	263	
60	4723	430	
61	6493	591	
62	8191	745	
63	9820	893	
64	11564	1052	
65	12747	1159	
66	12449	1132	
67	10773	980	
68	8577	780	
69	6863	624	
70	5474	498	
71	4600	419	
72	3921	357	
73	3307	301	
74	2994	273	
75	2628	239	
76	2454	224	
77	2309	210	
78	4449	405	
79	6571	598	
80	8305	755	
81	10264	934	
82	12364	1124	
83	13410	1220	
84	12651	1151	
85	11166	1016	
86	9913	902	
87	8432	767	
88	7590	690	
89	6924	630	
90	6553	596	
91	6006	546	
92	5757	524	
93	5728	521	
94	5596	509	
95	5523	503	
96	5944	541	
97	8342	759	
98	10619	966	
99	11956	1087	
100	12103	1101	
101	12346	1123	
102	12417	1129	
103	12203	1110	
104	12135	1104	
105	12058	1097	
106	11645	1059	
107	11240	1022	
108	10937	995	
109	10568	961	
110	10162	924	
111	10235	931	
112	10190	927	
113	10016	911	
114	10064	915	
115	10367	943	
116	10177	926	
117	10029	912	
118	9793	891	
119	9688	881	
120	9818	893	
121	9885	899	
122	10155	924	
123	10249	932	
124	10387	945	
125	10265	934	
126	10373	943	
127	10493	954	
128	10354	942	
129	10264	934	
130	10295	936	
131	10172	925	
132	10311	938	
133	10467	952	
134	10545	959	
135	10420	948	
136	10542	959	
137	10343	941	
138	10212	929	
139	10126	921	
140	10317	938	
141	10222	930	
142	10200	928	
143	10160	924	
144	10093	918	
145	10087	917	
146	10041	913	
147	10208	928	
148	10073	916	
149	10165	925	
150	10079	917	
151	10064	915	
152	10124	921	
153	10057	915	
154	9853	896	
155	9864	897	
156	9763	888	
157	9715	884	
158	10018	911	
159	10005	910	
160	10289	936	
161	10407	947	
162	10361	942	
163	10183	926	
164	10240	931	
165	10229	930	
166	10153	923	
167	10039	913	
168	10134	922	
169	10162	924	
170	9927	903	
171	10119	920	
172	9767	888	
173	10033	913	
174	10079	917	
175	10053	914	
176	10265	934	
177	10332	940	
178	10362	942	
179	10469	952	
180	10429	949	
181	10226	930	
182	10176	926	
183	10185	926	
184	10083	917	
185	10260	933	
186	10107	919	
187	10013	911	
188	10134	922	
189	10187	927	
190	10049	914	
191	10163	924	
192	10329	939	
193	10413	947	
194	10161	924	
195	10029	912	
196	9805	892	
197	9873	898	
198	10048	914	
199	10060	915	
200	10129	921	
201	10159	924	
202	10142	922	
203	10005	910	
204	10154	924	
205	10410	947	
206	10247	932	
207	10165	925	
208	9985	908	
209	10059	915	
210	9890	900	
211	10040	913	
212	9870	898	
213	9747	887	
214	9609	874	
215	9711	883	
216	9930	903	
217	9832	894	
218	9818	893	
219	9809	892	
220	10046	914	
221	9976	907	
222	10070	916	
223	9985	908	
224	10039	913	
225	9975	907	
226	9988	908	
227	10075	916	
228	10203	928	
229	10327	939	
230	10123	921	
231	10270	934	
232	10381	944	
233	10249	932	
234	10023	912	
235	10006	910	
236	10227	930	
237	10266	934	
238	10154	924	
239	10187	927	
240	10248	932	
241	10258	933	
242	10246	932	
243	10206	928	
244	10496	955	
245	9990	909	
246	10114	920	
247	10287	936	
248	10448	950	
249	10324	939	
250	10346	941	
251	10438	949	
252	10406	946	
253	10651	969	
254	10593	963	
255	10489	954	
256	10059	915	
257	9880	899	
258	9655	878	
259	9773	889	
260	9830	894	
261	9974	907	
262	9854	896	
263	9798	891	
264	9763	888	
265	9870	898	
266	9833	894	
267	9888	899	
268	10034	913	
269	10248	932	
270	10259	933	
271	10121	921	
272	10343	941	
273	10311	938	
274	10216	929	
275	10134	922	
276	10177	926	
277	10096	918	
278	10143	923	
279	10028	912	
280	10143	923	
281	10096	918	
282	10067	916	
283	10325	939	
284	10086	917	
285	10469	952	
286	10470	952	
287	10320	939	
288	10235	931	
289	10380	944	
290	10328	939	
291	10250	932	
292	10173	925	
293	10268	934	
294	10228	930	
295	10174	925	
296	10201	928	
297	10145	923	
298	10262	933	
299	10450	950	
300	10190	927	
301	10299	937	
302	10450	950	
303	10334	940	
304	10242	932	
305	10219	929	
306	10076	916	
307	9816	893	
308	9821	893	
309	9622	875	
310	9900	900	
311	10030	912	
312	9984	908	
313	9951	905	
314	10096	918	
315	10036	913	
316	9975	907	
317	9932	903	
318	9980	908	
319	9847	896	
320	10091	918	
321	9903	901	
322	9766	888	
323	9649	878	
324	9688	881	
325	9851	896	
326	10125	921	
327	9978	908	
328	10113	920	
329	10146	923	
330	10114	920	
331	10071	916	
332	9626	876	
333	9816	893	
334	10031	912	
335	10048	914	
336	10140	922	
337	10101	919	
338	9771	889	
339	10073	916	
340	10258	933	
341	10265	934	
342	10153	923	
343	10209	929	
344	10220	930	
345	10186	926	
346	10149	923	
347	10183	926	
348	9871	898	
349	9988	908	
350	10249	932	
351	10316	938	
352	10150	923	
353	10283	935	
354	10203	928	
355	10164	924	
356	10177	926	
357	10294	936	
358	10445	950	
359	10532	958	
360	10625	966	
361	10438	949	
362	10393	945	
363	10356	942	
364	10393	945	
365	10308	938	
366	10310	938	
367	10294	936	
368	10344	941	
369	10182	926	
370	10143	923	
371	10310	938	
372	10357	942	
373	10103	919	
374	10148	923	
375	10144	923	
376	10297	937	
377	10093	918	
378	10268	934	
379	10306	937	
380	10285	935	
381	10368	943	
382	10315	938	
383	10255	933	
384	10449	950	
385	10418	948	
386	10378	944	
387	10246	932	
388	10209	929	
389	10435	949	
390	10273	934	
391	10351	941	
392	10271	934	
393	9816	893	
394	10059	915	
395	9746	886	
396	9903	901	
397	9930	903	
398	10088	918	
399	10128	921	
400	9938	904	
401	9994	909	
402	10004	910	
403	9978	908	
404	10166	925	
405	10251	932	
406	10259	933	
407	10190	927	
408	10287	936	
409	10294	936	
410	10369	943	
411	10237	931	
412	10237	931	
413	10222	930	
414	10446	950	
415	10358	942	
416	10322	939	
417	10288	936	
418	10097	918	
419	10227	930	
420	10259	933	
421	9961	906	
422	10107	919	
423	10116	920	
424	10026	912	
425	10162	924	
426	10108	919	
427	10187	927	
428	10129	921	
429	10190	927	
430	10123	921	
431	10166	925	
432	10267	934	
433	10128	921	
434	9991	909	
435	9796	891	
436	9811	892	
437	9769	889	
438	9806	892	
439	9881	899	
440	9929	903	
441	9917	902	
442	10136	922	
443	10147	923	
444	10077	917	
445	10220	930	
446	10265	934	
447	10136	922	
448	10116	920	
449	9898	900	
450	9832	894	
451	9986	908	
452	10144	923	
453	10259	933	
454	9961	906	
455	9953	905	
456	9987	908	
457	9824	894	
458	9941	904	
459	10146	923	
460	10152	923	
461	10116	920	
462	10059	915	
463	9929	903	
464	10126	921	
465	10041	913	
466	10026	912	
467	10131	921	
468	10082	917	
469	9863	897	
470	9959	906	
471	9803	892	
472	10056	915	
473	10073	916	
474	10342	941	
475	10392	945	
476	10400	946	
477	10468	952	
478	10551	960	
479	10340	940	
480	10295	936	
481	10137	922	
482	9912	902	
483	9890	900	
484	9862	897	
485	9982	908	
486	10092	918	
487	10269	934	
488	10127	921	
489	10249	932	
490	9883	899	
491	10065	915	
492	9768	888	
493	9702	882	
494	9897	900	
495	10124	921	
496	10296	936	
497	10063	915	
498	10097	918	
499	10119	920	
500	10208	928	
501	10106	919	
502	10063	915	
503	10151	923	
504	10288	936	
505	10296	936	
506	10189	927	
507	10219	929	
508	10330	940	
509	10600	964	
510	10341	941	
511	10122	921	
512	10129	921	
513	9977	907	
514	10274	934	